INSTANCE ./final_c++ gurobi mat_permepsy.txt 174 140

Set parameter Username
Academic license - for non-commercial use only - expires 2025-05-28

RESULTS:
Rows Size of solution dataset: 174
Cols Size of solution dataset: 140
Completeness original dataset: 0.178349
Completeness of solution dataset: 0.345279
Execution time: 43305.5 seconds

Best Solution Rows: 128 129 130 131 132 133 134 135 136 137 138 139 140 141 142 143 144 145 146 147 148 149 150 151 152 153 154 155 156 157 158 159 160 161 162 163 164 165 166 167 168 169 170 171 172 173 174 175 176 177 178 179 180 181 182 183 184 185 186 187 188 189 190 191 192 193 194 195 196 197 198 199 206 207 208 209 210 211 212 213 214 215 216 217 218 219 220 221 222 223 224 225 226 227 228 229 230 231 232 233 234 235 236 237 238 239 240 241 242 243 244 245 246 247 248 249 250 251 252 253 254 255 256 257 258 259 260 261 262 263 264 265 266 267 268 269 270 271 272 273 274 275 276 277 278 279 280 281 282 283 284 285 286 287 288 289 290 291 292 293 294 295 296 297 298 299 300 301 305 306 307 308 309 312
Best Solution Columns: 0 1 2 3 4 5 6 7 8 9 10 11 12 88 89 90 91 92 93 94 95 96 97 99 101 102 103 107 108 109 111 112 113 114 195 196 200 201 205 206 213 214 216 217 218 219 221 224 226 228 230 231 232 235 237 238 241 244 245 248 249 250 251 252 253 254 255 256 259 260 261 262 263 271 279 282 283 291 295 383 384 385 399 400 401 404 407 408 409 417 419 420 421 431 432 433 435 436 452 457 463 464 465 468 478 484 487 488 489 491 492 493 495 496 497 503 504 505 507 508 509 511 512 513 515 516 523 524 525 527 528 529 535 537 539 540 541 543 551 562

INSTANCE ./final_c++ gurobi mat_permepsy.txt 349 281

Set parameter Username
Academic license - for non-commercial use only - expires 2025-05-28

RESULTS:
Rows Size of solution dataset: 349
Cols Size of solution dataset: 281
Completeness original dataset: 0.178349
Completeness of solution dataset: 0.328656
Execution time: 43202.7 seconds

Best Solution Rows: 53 55 56 59 61 62 64 67 69 70 71 72 73 74 75 78 80 81 82 83 84 85 86 87 88 89 90 91 94 97 98 99 100 101 102 103 104 107 108 109 110 112 113 114 115 117 119 122 123 124 125 126 129 130 131 132 133 137 139 140 141 142 144 145 146 147 148 149 151 152 153 156 157 158 159 161 163 166 167 168 169 170 171 174 175 176 177 178 179 180 185 187 188 189 190 191 192 194 195 266 268 269 270 271 273 277 278 281 282 283 285 287 289 290 291 292 294 295 298 300 301 302 305 306 307 308 309 311 312 314 359 361 363 364 365 367 368 370 371 373 374 375 376 377 378 379 381 382 383 384 385 386 387 388 389 390 391 392 393 395 396 397 398 399 401 402 403 404 415 416 417 418 419 420 421 422 423 424 425 426 427 428 429 430 431 432 433 434 435 436 439 441 442 443 444 446 450 451 453 454 455 458 460 462 463 465 466 468 469 472 474 475 476 477 478 479 480 482 483 484 485 486 487 489 490 491 493 495 496 497 498 499 500 501 502 503 504 506 507 508 511 512 515 516 517 518 519 520 521 524 525 526 527 528 531 532 533 534 536 537 538 539 575 576 577 578 579 580 581 582 583 584 585 586 587 588 589 590 591 592 593 594 595 596 597 598 599 600 601 602 603 604 605 606 607 608 609 610 611 612 613 614 615 616 618 619 620 621 622 623 624 625 627 628 629 631 633 634 636 637 638 640 642 643 644 645 646 672 673 674 675 676 677 678 680 683 684 686 687 688 690 691 692 693 694 695 696 697 698
Best Solution Columns: 0 1 2 3 4 5 6 7 8 9 10 11 12 13 14 15 16 17 18 19 20 21 22 24 35 39 40 43 49 60 61 62 63 64 65 66 67 68 69 70 71 72 73 74 75 76 77 80 81 82 83 84 85 86 87 88 89 90 91 92 93 94 95 96 97 98 99 100 101 102 103 104 105 106 107 108 109 110 111 112 113 114 115 116 117 119 192 193 194 195 196 197 198 199 200 201 202 203 204 205 206 207 208 209 210 211 212 213 214 215 216 217 218 219 220 221 222 223 224 225 226 227 228 229 230 231 232 233 234 235 236 237 238 239 240 241 242 243 244 245 246 247 248 249 250 251 252 253 254 256 257 258 259 260 261 262 263 264 265 266 267 268 269 270 272 273 274 275 276 277 279 280 281 282 283 284 285 286 287 288 289 290 291 292 293 295 296 299 300 301 302 305 306 308 310 313 315 316 317 318 319 320 321 322 323 324 325 326 327 328 329 330 331 332 335 336 337 339 340 342 345 347 348 349 350 352 353 354 355 357 359 360 369 375 382 386 390 394 398 402 404 406 410 414 418 422 426 430 434 438 442 446 450 454 458 462 470 474 478 482 486 490 494 498 502 506 510 514 518 522 526 530 534 538 542 546 550 554 558 559 562

INSTANCE ./final_c++ gurobi mat_permepsy.txt 524 422

RESULTS:
Rows Size of solution dataset: 524
Cols Size of solution dataset: 422
Completeness original dataset: 0.178349
Completeness of solution dataset: 0.242068
Execution time: 43296.5 seconds

Best Solution Rows: 1 4 5 6 10 14 15 25 26 27 29 30 31 39 40 42 48 52 54 56 58 59 61 62 63 64 65 67 68 69 70 71 72 74 75 76 77 78 79 80 81 82 83 84 86 87 89 90 92 93 94 95 96 98 100 101 102 103 104 105 106 107 109 110 112 115 116 117 119 120 122 124 125 126 129 130 131 133 137 139 140 141 142 143 144 145 146 147 148 149 150 151 154 155 156 158 159 161 162 163 164 166 167 169 171 172 173 174 175 176 177 178 179 180 181 182 183 184 185 186 187 188 189 190 191 192 193 194 195 196 197 198 199 200 201 202 203 204 205 206 207 208 209 210 211 212 213 214 215 216 217 218 219 220 221 222 223 224 225 226 227 228 229 230 231 232 233 234 235 236 237 238 239 240 241 242 243 244 245 248 249 250 251 253 254 258 260 261 262 265 266 267 268 269 270 271 272 273 275 276 277 278 279 280 281 282 283 284 285 286 287 288 289 290 291 292 293 294 295 296 297 298 299 300 301 302 303 304 305 306 307 308 309 310 311 312 314 315 316 317 318 319 320 325 326 331 333 335 342 343 348 351 355 356 359 360 361 362 363 364 365 366 367 368 369 370 371 372 373 374 375 376 377 378 379 380 382 383 384 385 386 387 389 390 391 392 393 394 395 396 397 398 400 403 404 405 408 409 410 412 414 415 416 417 418 419 420 421 422 423 424 425 426 427 428 429 430 431 432 433 434 435 436 437 438 439 440 441 442 443 444 446 450 454 455 458 460 462 463 466 467 469 470 471 472 473 474 475 476 477 478 479 480 481 482 483 484 485 486 487 488 489 490 491 492 493 494 495 496 497 498 499 501 502 503 506 509 510 515 517 519 520 521 524 526 527 528 529 531 533 534 537 538 539 540 542 545 546 548 549 554 558 559 562 563 565 566 571 573 575 576 577 578 579 580 581 582 583 584 585 586 587 588 589 590 591 592 593 594 595 596 597 598 599 600 601 602 603 604 605 606 607 608 609 610 611 612 613 614 615 616 617 618 619 620 621 622 623 624 625 627 628 629 631 633 634 636 637 638 639 640 641 642 643 644 645 646 647 648 649 650 651 652 653 654 655 656 657 658 659 660 661 662 663 664 665 668 670 671 672 673 674 675 676 677 678 679 680 681 682 683 684 685 686 687 688 689 690 691 692 693 695 696 698
Best Solution Columns: 0 1 2 3 4 5 6 7 8 9 10 11 12 13 14 15 16 17 18 19 20 22 23 25 28 29 30 31 34 35 36 37 39 40 42 43 44 45 46 47 48 49 50 51 52 53 54 55 57 58 59 61 62 64 65 67 70 74 75 77 78 79 80 81 82 83 84 85 86 87 88 89 90 91 92 93 94 95 96 97 98 99 100 101 102 103 104 105 106 107 108 109 110 111 112 113 114 115 116 117 118 119 120 121 123 125 126 128 129 131 134 136 137 138 140 141 143 144 146 147 149 151 152 153 154 156 157 158 159 160 161 162 163 165 167 169 170 171 172 174 175 176 177 180 183 184 185 187 189 190 191 192 193 194 196 197 198 200 202 203 204 205 206 207 210 211 212 213 214 215 217 218 219 220 222 225 227 228 229 230 233 234 235 238 240 241 242 245 246 247 248 249 252 253 256 257 260 261 262 264 265 267 269 270 271 272 273 274 275 276 277 278 279 280 281 282 283 284 285 286 287 288 289 290 291 292 294 295 296 297 299 300 301 302 303 306 307 308 310 311 312 313 314 315 316 317 318 319 321 322 324 326 327 329 330 331 332 336 338 340 342 344 345 347 349 350 352 354 356 358 359 360 361 362 363 364 365 367 369 370 373 375 376 377 378 380 381 382 383 384 385 386 387 388 389 390 391 392 393 394 395 396 397 398 399 400 401 402 403 404 405 406 407 408 410 411 412 413 415 416 418 421 422 423 424 425 427 429 430 431 432 433 434 435 436 438 439 443 444 446 447 449 450 452 453 454 455 456 458 459 460 461 463 464 465 466 467 468 469 472 473 475 476 479 480 481 482 484 485 486 487 488 489 490 492 494 496 497 498 499 502 503 505 507 508 510 511 512 514 515 516 517 518 519 521 522 523 524 527 528 529 532 533 534 535 536 539 541 542 545 546 547 549 550 551 552 553 554 557 558 561 562

INSTANCE ./final_c++ greedy mat_permepsy.txt 174 140

RESULTS:
Rows Size of solution dataset: 177
Cols Size of solution dataset: 146
Completeness original dataset: 0.178349
Completeness of solution dataset: 0.662874
Execution time: 28.6107 seconds

Best Solution Rows: 77 78 79 80 81 174 175 176 177 178 179 180 181 182 183 184 185 186 187 188 189 190 191 192 193 194 195 196 197 198 199 200 201 202 203 204 205 206 207 208 210 211 212 213 214 215 216 217 218 219 220 221 222 223 224 225 226 227 228 229 230 231 232 233 234 235 236 237 238 239 240 241 242 243 244 248 249 250 251 253 254 359 360 361 362 363 364 365 366 367 368 369 370 371 372 373 374 375 376 377 378 379 380 405 406 407 408 409 410 411 412 413 414 415 416 417 418 419 420 421 422 423 424 425 426 427 428 429 430 431 432 433 434 435 436 437 438 439 440 475 476 477 478 479 480 481 482 483 484 485 486 487 488 489 490 491 492 493 494 495 496 497 498 672 673 674 675 676 677 678 679 680 681 682 683 684 685
Best Solution Columns: 0 1 2 3 4 5 6 7 8 9 10 11 12 14 15 16 17 18 19 20 21 22 23 24 25 26 27 28 29 30 31 32 33 34 35 36 37 38 39 40 41 42 43 44 45 46 47 48 49 50 51 52 53 54 55 56 57 58 59 60 61 62 63 64 65 66 67 68 69 70 71 72 73 74 75 76 77 78 79 80 81 82 83 84 85 86 87 88 89 90 91 92 93 94 95 96 97 98 99 100 101 102 103 104 105 106 107 108 109 110 111 112 113 114 115 116 117 272 273 274 275 276 277 278 279 280 281 282 294 311 312 313 314 315 316 318 330 331 332 333 334 335 337 558 559 562

INSTANCE ./final_c++ greedy mat_permepsy.txt 349 281

RESULTS:
Rows Size of solution dataset: 394
Cols Size of solution dataset: 562
Completeness original dataset: 0.178349
Completeness of solution dataset: 0.250745
Execution time: 33.2795 seconds

Best Solution Rows: 53 55 56 57 58 59 61 62 63 64 65 66 67 68 69 70 71 72 73 74 75 76 77 78 79 80 81 82 83 84 85 86 87 88 89 90 91 92 94 96 97 98 99 100 101 102 103 104 106 107 108 109 110 112 113 114 115 117 119 122 123 124 125 126 129 130 131 132 133 136 137 139 140 141 142 144 145 146 147 148 149 150 151 152 153 155 156 157 158 159 161 163 166 167 168 169 170 171 172 174 175 176 177 178 179 180 185 187 188 189 190 191 192 194 195 266 268 269 270 271 273 276 277 278 281 282 283 285 287 288 289 290 291 292 293 294 295 296 297 298 299 300 301 302 304 305 306 307 308 309 310 311 312 314 315 316 359 360 361 362 363 364 365 366 367 368 369 370 371 372 373 374 375 376 377 378 379 380 381 382 383 384 385 386 387 388 389 390 391 392 393 395 396 397 398 399 400 401 402 403 404 415 416 417 418 419 420 421 422 423 424 425 426 427 428 429 430 431 432 433 434 435 436 439 440 441 442 443 444 446 450 451 453 454 455 458 460 462 463 465 466 468 469 472 474 475 476 477 478 479 480 481 482 483 484 485 486 487 489 490 491 492 493 494 495 496 497 498 499 500 501 502 503 504 506 507 508 509 511 512 515 516 517 518 519 520 521 524 525 526 527 528 531 532 533 534 536 537 538 539 575 576 577 578 579 580 581 582 583 584 585 586 587 588 589 590 591 592 593 594 595 596 597 598 599 600 601 602 603 604 605 606 607 608 609 610 611 612 613 614 615 616 617 618 619 620 621 622 623 624 625 627 628 629 631 633 634 636 637 638 639 640 642 643 644 645 646 672 673 674 675 676 677 678 679 680 681 682 683 684 685 686 687 688 689 690 691 692 693 694 695 696 697 698
Best Solution Columns: 0 1 2 3 4 5 6 7 8 9 10 11 12 13 14 15 16 17 18 19 20 21 22 23 24 25 26 27 28 29 30 31 32 33 34 35 36 37 38 39 40 41 42 43 44 45 46 47 48 49 50 51 52 53 54 55 56 57 58 59 60 61 62 63 64 65 66 67 68 69 70 71 72 73 74 75 76 77 78 79 80 81 82 83 84 85 86 87 88 89 90 91 92 93 94 95 96 97 98 99 100 101 102 103 104 105 106 107 108 109 110 111 112 113 114 115 116 117 118 119 120 121 122 123 124 125 126 127 128 129 130 131 132 133 134 135 136 137 138 139 140 141 142 143 144 145 146 147 148 149 150 151 152 153 154 155 156 157 158 159 160 161 162 163 164 165 166 167 168 169 170 171 172 173 174 175 176 177 178 179 180 181 182 183 184 185 186 187 188 189 190 191 192 193 194 195 196 197 198 199 200 201 202 203 204 205 206 207 208 209 210 211 212 213 214 215 216 217 218 219 220 221 222 223 224 225 226 227 228 229 230 231 232 233 234 235 236 237 238 239 240 241 242 243 244 245 246 247 248 249 250 251 252 253 254 255 256 257 258 259 260 261 262 263 264 265 266 267 268 269 270 271 272 273 274 275 276 277 278 279 280 281 282 283 284 285 286 287 288 289 290 291 292 293 294 295 296 297 299 300 301 302 303 304 305 306 307 308 309 310 311 312 313 314 315 316 317 318 319 320 321 322 323 324 325 326 327 328 329 330 331 332 333 334 335 336 337 338 339 340 341 342 343 344 345 346 347 348 349 350 351 352 353 354 355 356 357 358 359 360 361 362 363 364 365 366 367 368 369 370 371 372 373 374 375 376 377 378 379 380 381 382 383 384 385 386 387 388 389 390 391 392 393 394 395 396 397 398 399 400 401 402 403 404 405 406 407 408 409 410 411 412 413 414 415 416 417 418 419 420 421 422 423 424 425 426 427 428 429 430 431 432 433 434 435 436 437 438 439 440 441 442 443 444 445 446 447 448 449 450 451 452 453 454 455 456 457 458 459 460 461 462 463 464 465 466 467 468 469 470 471 472 473 474 475 476 477 478 479 480 481 482 483 484 485 486 487 488 489 490 491 492 493 494 495 496 497 498 499 500 501 502 503 504 505 506 507 508 509 510 511 512 513 514 515 516 517 518 519 520 521 522 523 524 525 526 527 528 529 530 531 532 533 534 535 536 537 538 539 540 541 542 543 544 545 546 547 548 549 550 551 552 553 554 555 556 557 558 559 560 561 562

INSTANCE ./final_c++ greedy mat_permepsy.txt 524 422

RESULTS:
Rows Size of solution dataset: 607
Cols Size of solution dataset: 478
Completeness original dataset: 0.178349
Completeness of solution dataset: 0.217422
Execution time: 55.3166 seconds

Best Solution Rows: 10 11 12 13 14 15 16 17 18 19 20 21 22 23 24 25 26 27 28 29 30 31 32 33 34 35 36 37 38 39 40 41 42 43 44 45 46 47 48 49 50 51 52 53 54 55 56 57 58 59 60 61 62 63 64 65 66 67 68 69 70 71 72 73 74 75 76 77 78 79 80 81 82 83 84 85 86 87 88 89 90 91 92 93 94 95 96 97 98 99 100 101 102 103 104 105 106 107 108 109 110 111 112 113 114 115 116 117 118 119 120 121 122 123 124 125 126 127 129 130 131 132 133 134 135 136 137 138 139 140 141 142 143 144 145 146 147 148 149 150 151 152 153 154 155 156 157 158 159 160 161 162 163 164 165 166 167 168 169 170 171 172 173 174 175 176 177 178 179 180 181 182 183 184 185 186 187 188 189 190 191 192 193 194 195 211 212 213 214 215 216 217 218 219 220 221 222 223 224 225 226 227 228 229 230 231 232 233 234 235 236 237 238 239 240 241 242 243 244 248 249 250 251 253 254 255 256 257 258 259 260 261 262 263 264 265 266 267 268 269 270 271 272 273 275 276 277 278 279 280 281 282 283 284 285 286 287 288 289 290 291 292 293 294 295 296 297 298 299 300 301 302 303 304 305 306 307 308 309 310 311 312 314 315 316 317 318 319 320 321 322 323 325 326 328 329 330 331 332 333 334 336 339 340 341 342 344 345 346 350 351 359 360 361 362 363 364 365 366 367 368 369 370 371 372 373 374 375 376 377 378 379 380 381 382 383 384 385 386 387 388 389 390 391 392 393 394 395 396 397 398 399 400 401 402 403 404 405 406 407 408 409 410 411 412 413 414 415 416 417 418 419 420 421 422 423 424 425 426 427 428 429 430 431 432 433 434 435 436 437 438 439 440 441 442 443 444 446 447 448 449 450 451 452 453 454 455 457 458 459 460 461 462 463 465 466 468 469 470 471 472 473 474 475 476 477 478 479 480 481 482 483 484 485 486 487 488 489 490 491 492 493 494 495 496 497 498 499 500 501 502 503 504 505 506 507 508 509 510 511 512 513 515 516 517 518 519 520 521 522 523 524 525 526 527 528 529 530 531 532 533 534 535 536 537 538 539 540 541 542 543 544 545 546 547 548 575 576 577 578 579 580 581 582 583 584 585 586 587 588 589 590 591 592 593 594 595 596 597 598 599 600 601 602 603 604 605 606 607 608 609 610 611 612 613 614 615 616 617 618 619 620 621 622 623 624 625 627 628 629 631 633 634 636 637 638 639 640 642 643 644 645 646 647 648 649 650 651 652 653 654 655 656 657 658 659 660 661 662 663 672 673 674 675 676 677 678 679 680 681 682 683 684 685 686 687 688 689 690 691 692 693 694 695 696 697 698
Best Solution Columns: 0 1 2 3 4 5 6 7 8 9 10 11 12 13 14 15 16 17 18 19 20 21 22 23 24 25 26 27 28 29 30 31 32 33 34 35 36 37 38 39 40 41 42 43 44 45 46 47 48 49 50 51 52 53 54 55 56 57 58 59 60 61 62 63 64 65 66 67 68 69 70 71 72 73 74 75 76 77 78 79 80 81 82 83 84 85 86 87 88 89 90 91 92 93 94 95 96 97 98 99 100 101 102 103 104 105 106 107 108 109 110 111 112 113 114 115 116 117 118 119 120 121 122 123 124 125 126 127 128 129 130 131 132 133 134 135 136 137 138 139 140 141 142 143 144 145 146 147 148 149 150 151 152 153 154 155 156 157 158 159 160 161 162 163 164 165 166 167 168 169 170 171 172 173 174 175 176 177 178 179 180 181 182 183 184 185 186 187 188 189 190 191 192 193 194 195 196 197 198 199 200 201 202 203 204 205 206 207 208 209 210 211 212 213 214 215 216 217 218 219 220 221 222 223 224 225 226 227 228 229 230 231 232 233 234 235 236 237 238 239 240 241 242 243 244 245 246 247 264 265 266 267 268 269 270 271 272 273 274 275 276 277 278 279 280 281 282 283 284 285 286 287 288 289 290 291 292 293 294 295 296 297 298 299 300 301 302 303 304 305 306 307 308 309 310 311 312 313 314 315 316 317 318 319 320 321 322 323 324 325 326 327 328 329 330 331 332 333 334 335 336 337 338 339 340 341 342 343 344 345 346 347 348 349 350 351 352 353 354 355 356 357 358 359 382 383 384 385 386 387 388 389 390 391 392 393 394 395 396 397 398 399 400 401 402 403 404 405 406 407 408 409 410 411 412 413 414 415 416 417 418 419 420 421 422 423 424 425 426 427 428 429 430 431 432 433 434 435 436 437 438 439 440 441 442 443 444 445 446 447 448 449 450 451 452 453 454 455 456 457 458 459 460 461 462 463 464 465 466 469 470 471 472 473 474 478 479 480 481 482 486 490 494 498 499 500 501 502 506 510 511 512 513 514 515 516 517 518 522 526 527 528 529 530 531 532 533 534 538 542 546 550 554 558 559 560 561 562

INSTANCE ./final_c++ CMSA mat_permepsy.txt 174 140

RESULTS:
Rows Size of solution dataset: 174
Cols Size of solution dataset: 140
Completeness original dataset: 0.178349
Completeness of solution dataset: 0.488711
Execution time: 3028.71 seconds

Best Solution Rows: 77 78 79 80 81 174 175 176 177 178 179 180 185 187 188 189 190 191 192 194 195 266 267 268 269 270 271 272 273 275 276 277 278 279 280 281 282 283 284 285 286 287 288 289 290 291 292 293 294 295 296 297 298 299 300 301 302 303 304 305 306 307 308 309 310 311 312 314 315 316 317 318 319 359 360 361 362 363 364 365 366 367 368 369 370 371 372 373 374 375 376 377 378 379 380 415 416 417 418 419 420 421 422 423 424 425 426 427 428 429 430 431 432 433 434 435 436 439 440 475 476 477 478 479 480 481 482 483 484 485 486 487 488 489 490 491 492 493 494 495 496 497 498 623 624 625 627 628 631 633 634 636 637 638 640 642 643 644 645 646 672 673 674 675 676 677 678 679 680 681 682 683 684 685
Best Solution Columns: 0 1 2 3 4 5 6 7 8 9 10 11 12 13 28 32 34 35 37 41 43 45 57 60 63 64 68 80 83 88 96 101 102 104 105 107 109 114 119 121 122 123 125 132 139 145 151 156 160 166 169 170 177 183 185 193 196 205 207 210 215 218 219 240 241 252 261 264 265 275 277 278 281 282 295 297 300 302 308 309 313 317 324 330 338 340 341 344 353 356 357 361 366 368 378 380 381 386 387 388 390 393 394 398 400 404 406 411 412 422 426 431 433 439 444 447 460 463 466 472 477 480 482 483 487 495 498 501 503 508 536 538 543 544 551 555 556 558 559 562

INSTANCE ./final_c++ CMSA mat_permepsy.txt 349 281

RESULTS:
Rows Size of solution dataset: 349
Cols Size of solution dataset: 281
Completeness original dataset: 0.178349
Completeness of solution dataset: 0.316043
Execution time: 3601.07 seconds

Best Solution Rows: 77 78 79 80 81 174 175 176 177 178 179 180 181 182 183 184 185 186 187 188 189 190 191 192 193 194 195 196 197 198 199 200 201 202 203 204 205 206 207 208 210 211 212 213 214 215 216 217 218 219 220 221 222 223 224 225 226 227 228 229 230 231 232 233 234 235 236 237 238 239 240 241 242 243 244 248 249 250 251 253 254 266 267 268 269 270 271 272 273 275 276 277 278 279 280 281 282 283 284 285 286 287 288 289 290 291 292 293 294 295 296 297 298 299 300 301 302 303 304 305 306 307 308 309 310 311 312 314 315 316 317 318 319 359 360 361 362 363 364 365 366 367 368 369 370 371 372 373 374 375 376 377 378 379 380 415 416 417 418 419 420 421 422 423 424 425 426 427 428 429 430 431 432 433 434 435 436 437 438 439 440 474 475 476 477 478 479 480 481 482 483 484 485 486 487 488 489 490 491 492 493 494 495 496 497 498 499 500 501 502 503 504 506 507 508 509 511 512 515 516 517 518 519 520 521 524 525 526 527 528 531 532 533 534 536 537 538 539 575 576 577 578 579 580 581 582 583 584 585 586 587 588 589 590 591 592 593 594 595 596 597 598 599 600 601 602 603 604 605 606 607 608 609 610 611 612 613 614 615 616 617 618 619 620 621 622 623 624 625 627 628 629 631 633 634 636 637 638 639 640 642 643 644 645 646 647 648 649 650 651 652 653 654 655 656 657 658 659 660 661 662 663 672 673 674 675 676 677 678 679 680 681 682 683 684 685 686 687 688 689 690 691 692 693 694 695 696 697 698
Best Solution Columns: 0 1 2 3 4 5 6 7 8 9 10 11 12 15 16 17 18 19 21 22 24 26 27 28 29 31 34 36 39 40 41 43 45 48 50 53 57 58 60 64 68 69 70 71 74 76 77 78 81 82 85 88 93 94 96 97 98 99 101 102 103 107 108 109 112 113 115 116 119 122 125 127 130 131 135 141 142 144 146 148 150 151 153 155 159 160 161 162 163 164 169 172 173 174 176 177 178 181 183 185 186 187 189 191 192 195 197 198 200 201 203 209 214 218 222 223 224 227 229 230 233 234 235 236 237 238 239 240 246 248 249 251 253 255 257 260 263 266 268 269 270 271 272 273 274 276 277 278 279 281 283 284 286 287 291 292 293 295 300 302 309 312 315 317 319 320 322 323 324 328 329 331 333 337 338 340 341 343 344 345 347 348 351 352 354 355 357 359 363 365 367 368 373 376 377 378 380 381 382 388 391 392 393 395 399 400 402 403 404 405 406 407 409 410 411 412 417 419 424 425 426 427 428 431 435 436 437 441 446 447 452 453 456 458 461 464 468 470 473 475 476 477 481 483 484 487 488 489 493 496 498 499 501 506 507 508 509 516 518 519 521 525 526 527 530 531 532 533 534 535 537 539 540 541 544 545 549 550 552 561 562


INSTANCE ./final_c++ CMSA mat_permepsy.txt 524 422

RESULTS:
Rows Size of solution dataset: 524
Cols Size of solution dataset: 422
Completeness original dataset: 0.178349
Completeness of solution dataset: 0.241476
Execution time: 3603.06 seconds

Best Solution Rows: 53 55 56 57 58 59 61 62 63 64 65 66 67 68 69 70 71 72 73 74 75 76 77 78 79 80 81 82 83 84 85 86 87 88 89 90 91 92 93 94 96 97 98 99 100 101 102 103 104 105 106 107 108 109 110 112 113 114 115 117 119 120 121 122 123 124 125 126 127 129 130 131 132 133 135 136 137 138 139 140 141 142 144 145 146 147 148 149 150 151 152 153 154 155 156 157 158 159 160 161 162 163 164 165 166 167 168 169 170 171 172 174 175 176 177 178 179 180 181 182 183 184 185 186 187 188 189 190 191 192 193 194 195 196 197 198 199 200 201 202 203 204 205 206 207 208 210 211 212 213 214 215 216 217 218 219 220 221 222 223 224 225 226 227 228 229 230 231 232 233 234 235 236 237 238 239 240 241 242 243 244 248 249 250 251 253 254 266 267 268 269 270 271 272 273 275 276 277 278 279 280 281 282 283 284 285 286 287 288 289 290 291 292 293 294 295 296 297 298 299 300 301 302 303 304 305 306 307 308 309 310 311 312 314 315 316 317 318 319 359 360 361 362 363 364 365 366 367 368 369 370 371 372 373 374 375 376 377 378 379 380 381 382 383 384 385 386 387 388 389 390 391 392 393 395 396 397 398 399 400 401 402 403 404 405 406 407 408 409 410 411 412 413 414 415 416 417 418 419 420 421 422 423 424 425 426 427 428 429 430 431 432 433 434 435 436 437 438 439 440 441 442 443 444 446 447 448 449 450 451 452 453 454 455 457 458 459 460 461 462 463 465 466 468 469 470 472 473 474 475 476 477 478 479 480 481 482 483 484 485 486 487 488 489 490 491 492 493 494 495 496 497 498 499 500 501 502 503 504 505 506 507 508 509 510 511 512 513 515 516 517 518 519 520 521 522 523 524 525 526 527 528 529 530 531 532 533 534 535 536 537 538 539 575 576 577 578 579 580 581 582 583 584 585 586 587 588 589 590 591 592 593 594 595 596 597 598 599 600 601 602 603 604 605 606 607 608 609 610 611 612 613 614 615 616 617 618 619 620 621 622 623 624 625 627 628 629 631 633 634 636 637 638 639 640 642 643 644 645 646 647 648 649 650 651 652 653 654 655 656 657 658 659 660 661 662 663 672 673 674 675 676 677 678 679 680 681 682 683 684 685 686 687 688 689 690 691 692 693 694 695 696 697 698
Best Solution Columns: 0 1 2 3 4 5 6 7 8 9 10 11 12 13 14 15 16 18 19 20 21 22 23 25 26 27 28 31 32 33 34 35 36 37 38 39 40 41 42 43 47 48 49 50 52 53 54 56 58 59 60 61 62 63 65 66 67 69 70 71 72 73 75 76 77 79 82 83 84 85 86 87 88 89 90 91 92 94 95 96 97 98 99 100 101 102 103 104 105 106 107 109 110 112 113 114 115 116 117 118 119 120 123 124 125 127 128 129 130 131 135 136 138 139 140 141 142 144 145 147 148 149 150 152 153 156 157 158 159 162 165 166 167 168 169 171 172 175 177 178 180 182 183 184 185 186 188 189 192 194 195 197 198 200 202 203 205 206 209 210 211 212 213 214 215 216 217 219 220 221 222 224 227 228 229 230 232 235 236 237 240 242 243 244 245 247 248 249 251 253 254 255 256 258 259 260 261 262 264 265 266 267 268 270 271 272 273 274 278 279 280 281 282 283 285 286 287 289 290 291 292 293 294 295 297 299 300 301 303 304 306 307 308 309 310 311 312 313 315 316 317 319 321 323 324 325 328 329 330 331 332 333 334 335 337 338 339 340 341 344 346 347 348 349 350 352 353 354 356 358 359 360 361 363 364 365 366 368 369 370 373 374 376 377 379 380 381 382 383 384 385 386 388 389 390 391 392 393 394 395 396 397 398 400 401 402 403 404 406 409 410 411 412 413 414 415 416 417 419 420 422 423 426 430 431 433 434 437 439 441 442 443 444 445 446 447 448 449 450 452 453 454 455 456 457 458 459 463 464 465 466 467 468 469 470 473 474 475 476 477 478 480 481 482 483 485 488 489 490 491 493 495 496 497 499 500 502 503 504 505 506 508 511 514 516 517 518 519 521 522 523 524 525 529 530 532 533 534 535 537 538 539 540 541 543 544 545 546 547 548 550 551 552 553 555 556 557 558 559 560 561 562
